528320 824193
386690 907669
410640 846947
416930 765126
577860 689926
482310 571034
502110 435463
515920 497472
425890 376154
827280 387076
822150 399803
807670 334613
868760 286928
879480 239867
634410 320152
612120 303181
566730 262940
559020 199445
353930 542989
333340 456245
138890 482432
85480 465869
86690 394738
90230 612484
38370 610277
138430 562658
158880 612518
264690 529248
268540 609753
220500 654221
64520 711936
81660 732470
78270 737081
130500 712663
179140 750703
243750 745443
298650 816352
273890 892877
301090 737412
235690 782470
287850 600161
374170 695851
394470 679221
418400 638700
498840 590729
412370 570904
537400 604425
549250 565255
678240 709341
749130 575522
743800 669521
837880 811285
926580 669624
815560 707417
819700 857004
732680 857362
666940 845130
631300 846813
594550 968799
685760 866857
683690 682649
812660 614479
943060 368070
954030 510314
870570 549620
856380 564703
688600 580646
701420 559132
730780 471211
648080 470280
607060 453077
734300 452247
670720 392925
775340 220065
862980 312238
896040 413699
920900 454842
505100 189757
615970 237922
442850 106198
437000 139949
426870 39662
274070 74689
373360 142350
312480 177450
313110 201386
542610 224170
481030 286118
338920 381007
15430 579032
93070 395385
93620 313966
155180 263662
209190 347661
270030 494359
264580 421188
475940 439645
789810 488001
746380 440559
628150 597095
