943060 368070
822150 399803
920900 454842
926580 669624
954030 510314
896040 413699
807670 334613
868760 286928
612120 303181
505100 189757
481030 286118
437000 139949
442850 106198
274070 74689
86690 394738
264580 421188
353930 542989
333340 456245
515920 497472
502110 435463
475940 439645
498840 590729
418400 638700
678240 709341
749130 575522
870570 549620
879480 239867
775340 220065
862980 312238
827280 387076
789810 488001
566730 262940
670720 392925
730780 471211
746380 440559
607060 453077
549250 565255
412370 570904
287850 600161
394470 679221
235690 782470
179140 750703
130500 712663
15430 579032
90230 612484
93620 313966
85480 465869
38370 610277
78270 737081
81660 732470
243750 745443
298650 816352
416930 765126
273890 892877
374170 695851
537400 604425
734300 452247
856380 564703
815560 707417
701420 559132
628150 597095
683690 682649
666940 845130
685760 866857
837880 811285
631300 846813
577860 689926
301090 737412
220500 654221
158880 612518
64520 711936
93070 395385
138890 482432
312480 177450
425890 376154
338920 381007
209190 347661
264690 529248
268540 609753
138430 562658
482310 571034
648080 470280
373360 142350
542610 224170
615970 237922
634410 320152
559020 199445
426870 39662
313110 201386
155180 263662
270030 494359
410640 846947
386690 907669
528320 824193
594550 968799
688600 580646
812660 614479
743800 669521
819700 857004
732680 857362
