746380 440559
954030 510314
158880 612518
243750 745443
298650 816352
648080 470280
896040 413699
85480 465869
920900 454842
822150 399803
730780 471211
353930 542989
373360 142350
155180 263662
481030 286118
879480 239867
549250 565255
868760 286928
837880 811285
264580 421188
38370 610277
734300 452247
270030 494359
594550 968799
666940 845130
426870 39662
926580 669624
685760 866857
732680 857362
138430 562658
418400 638700
612120 303181
301090 737412
268540 609753
862980 312238
807670 334613
827280 387076
515920 497472
86690 394738
15430 579032
78270 737081
542610 224170
502110 435463
138890 482432
442850 106198
789810 488001
235690 782470
93070 395385
528320 824193
410640 846947
416930 765126
683690 682649
631300 846813
670720 392925
749130 575522
264690 529248
475940 439645
537400 604425
482310 571034
678240 709341
559020 199445
819700 857004
505100 189757
566730 262940
312480 177450
498840 590729
815560 707417
634410 320152
775340 220065
412370 570904
93620 313966
437000 139949
209190 347661
812660 614479
313110 201386
64520 711936
394470 679221
338920 381007
607060 453077
273890 892877
220500 654221
870570 549620
943060 368070
274070 74689
425890 376154
179140 750703
81660 732470
856380 564703
615970 237922
130500 712663
90230 612484
386690 907669
333340 456245
287850 600161
577860 689926
628150 597095
743800 669521
688600 580646
701420 559132
374170 695851
