628150 597095
688600 580646
743800 669521
815560 707417
812660 614479
749130 575522
701420 559132
730780 471211
789810 488001
822150 399803
827280 387076
807670 334613
775340 220065
879480 239867
868760 286928
862980 312238
896040 413699
920900 454842
943060 368070
954030 510314
870570 549620
856380 564703
926580 669624
837880 811285
819700 857004
732680 857362
685760 866857
666940 845130
631300 846813
594550 968799
528320 824193
386690 907669
410640 846947
416930 765126
418400 638700
482310 571034
412370 570904
498840 590729
537400 604425
549250 565255
502110 435463
425890 376154
475940 439645
515920 497472
607060 453077
648080 470280
746380 440559
734300 452247
670720 392925
634410 320152
612120 303181
566730 262940
615970 237922
559020 199445
505100 189757
442850 106198
426870 39662
274070 74689
312480 177450
313110 201386
373360 142350
437000 139949
542610 224170
481030 286118
338920 381007
353930 542989
333340 456245
38370 610277
15430 579032
138890 482432
85480 465869
86690 394738
93070 395385
93620 313966
155180 263662
209190 347661
264580 421188
270030 494359
264690 529248
287850 600161
268540 609753
220500 654221
158880 612518
138430 562658
90230 612484
64520 711936
78270 737081
81660 732470
130500 712663
179140 750703
243750 745443
235690 782470
273890 892877
298650 816352
301090 737412
374170 695851
394470 679221
577860 689926
678240 709341
683690 682649
