0 37933562

100 26508147

200 25510294

300 24891159

400 21399620

500 20918533

600 18722040

700 19036130

800 20919468

900 21801144

1000 18729839

1100 20024409

1200 20722702

1300 20121204

1400 22669762

0 36091417

100 28814103

200 24411453

300 23976175

400 22916327

500 21463564

600 20852357

700 19041387

800 19346397

900 21619120

1000 19141053

1100 18549962

1200 20240784

1300 21506420

1400 20495674

1500 21290620

1600 20256867

1700 19817360

1800 19687098

1900 20016767

2000 20330207

2100 18347598

2200 19232454

2300 18851120

2400 20762582

2500 19936214

2600 18962459

2700 20938683

2800 20275239

0 36458784

100 35741402

200 31908344

300 30788541

400 27052094

500 28470823

600 26053787

700 27344842

800 25359632

900 24299130

1000 23604806

1100 21532939

1200 22616585

1300 22320302

1400 20884368

1500 21006922

1600 19074563

1700 20326673

1800 21216216

1900 20906571

2000 20591623

2100 22681276

2200 19465564

2300 20521134

2400 20244664

2500 17706735

2600 18412972

2700 21191516

2800 19724616

2900 19521281

3000 19925183

3100 20076375

3200 20612048

3300 20940015

3400 19615449

3500 20223851

3600 19696957

3700 18968606

3800 18842991

3900 19288307

4000 21729343

4100 19977857

4200 19121775

4300 18456745

4400 20820722

4500 20051712

4600 19785237

4700 20968121

4800 19501825

4900 19384148

5000 20395817

5100 19234014

5200 20211219

5300 20959034

5400 19649132

5500 19676137

5600 21267430

5700 20554180

5800 21637981

5900 21665858

6000 21077673

6100 20333323

6200 21149121

6300 21435611

6400 19822044

6500 20701337

6600 20056154

6700 19367049

6800 19808747

6900 18888483

7000 18895660

7100 20109474

7200 19961766

7300 21015738

7400 21247196

7500 19181878

7600 20423054

7700 21564434

7800 20856371

7900 19919652

8000 19425668

8100 19771813

8200 18773213

8300 17762657

8400 20022842

8500 21546247

8600 20661660

0 37905940

100 28856155

200 29045622

0 37113032

100 31226296

200 30121204

300 24723538

0 37214973

100 27484100

200 27303491

300 26925006

400 27703997

500 26087188

600 27770888

700 27339692

800 26992600

900 26501089

1000 27339602

1100 27665497

1200 25926303

1300 27005189

1400 27768929

1500 27742073

1600 27083520

1700 28068868

1800 30589607

1900 25830717

2000 26081061

2100 27610081

2200 27926310

2300 25589402

2400 27107712

2500 28589518

0 39664942

100 37414293

200 38995408

300 37454094

400 37131041

500 37620715

600 36955040

700 37636663

800 36987414

900 35776027

0 38029635

100 29094888

200 30894988

300 31197072

400 28853498

500 29044220

600 29713439

700 29587614

800 28483270

900 28010567

1000 29768965

1100 29554648

0 39252867

0 38447906

0 38357149

100 24093891

200 19911203

300 22062984

400 21926146

500 23386676

600 22706335

700 21917689

800 20464671

900 23408001

1000 20869200

0 40164447

0 39480936

0 37948041

100 28670779

200 33648937

300 33243334

400 32084828

500 32039817

600 30326094

0 38012180

100 25080316

200 23684896

300 26329344

400 26480455

500 27179852

600 25468002

700 23115878

800 25093918

900 25366319

0 38440705

100 30726800

200 30839804

300 31357280

400 29541939

500 31538402

600 28434698

700 30462703

800 28107166

900 28736594

1000 29048434

1100 30167837

1200 28411185

1300 28374024

1400 28389624

1500 31592033

0 38714446

100 23881091

200 25686041

300 27767286

0 36739495

100 27334380

200 25219272

300 26359094

400 25823202

500 24812358

600 26008941

700 26327700

800 26582845

0 37734962

100 23068455

200 20939254

300 20066739

400 18583117

500 18029412

600 17273780

700 17010335

800 17646582

900 16069655

1000 15823774

1100 15777795

1200 16265174

1300 15805042

1400 14749595

1500 16188209

1600 14142964

1700 14128643

1800 13274357

1900 13926380

2000 13583354

2100 14039219

2200 13422902

2300 13932897

2400 13885383

2500 13359673

2600 13070236

2700 13460651

2800 13395427

2900 13128512

3000 12965220

3100 13147976

3200 13606248

3300 13540154

3400 13462192

3500 12670482

3600 12918343

3700 12877435

3800 12798189

3900 11601419

4000 12222291

4100 11601419

4200 11753540

4300 12359416

4400 11312696

4500 11528552

4600 12723809

4700 12104112

4800 11903518

4900 12055061

5000 12235923

5100 12170348

5200 11881040

5300 11017057

5400 11388313

5500 11188340

5600 11696191

5700 11886912

5800 11337851

5900 11537229

6000 11101421

6100 10878845

6200 11276490

6300 10575447

6400 10791099

6500 12502116

6600 11259790

6700 11084663

6800 11574503

6900 10821238

7000 11484044

7100 11232502

7200 10426542

7300 10661744

7400 11745646

7500 10282288

7600 10229699

7700 9792623

7800 9895376

7900 9384985

8000 9878805

8100 9937512

8200 10217182

8300 9867024

8400 9554066

8500 10159953

8600 9623061

8700 10041450

8800 10047405

8900 10620108

9000 10038932

9100 10788334

9200 9863683

9300 10060572

9400 9974671

9500 9810513

9600 10854311

9700 9964777

9800 9969506

9900 9249633

10000 10101410

10100 9689130

10200 9661705

10300 9776299

10400 9846773

10500 10086247

10600 9956849

10700 9326545

10800 9120223

10900 9062928

11000 10296944

11100 9559429

11200 9269251

11300 9376765

11400 10103701

11500 10127044

11600 9906215

11700 9655154

11800 10073644

11900 9677311

12000 9837690

12100 9554574

12200 9679159

12300 9786029

12400 10169613

12500 9062928

12600 9519986

12700 9674395

12800 9686039

12900 9778444

13000 10024433

13100 9467878

13200 8898445

13300 9067666

13400 9298356

13500 9271991

13600 9802998

13700 9491450

13800 9223073

13900 9809691

14000 9029942

14100 9582822

14200 9203126

14300 9185170

14400 9480411

14500 9652270

14600 9444364

14700 9598523

14800 9280339

14900 9806173

15000 9882638

15100 9475591

15200 8560123

15300 9542246

15400 9033770

15500 9501403

15600 9511721

15700 9008098

15800 9991210

15900 8806215

16000 8825501

16100 10103416

16200 8415578

16300 9373688

16400 9303033

16500 8415578

16600 9032023

16700 9390608

16800 9422272

16900 9957219

17000 9051024

17100 8868599

17200 9836544

17300 9622677

17400 10376954

17500 9335091

17600 9300493

17700 9120155

17800 9751724

17900 8518205

18000 9141795

18100 8734745

18200 8567541

18300 8816474

18400 9155589

18500 8605999

18600 8985560

18700 9151176

18800 9158186

18900 8300197

19000 9753749

19100 8598238

19200 9159948

19300 9156634

19400 9087435

19500 9042082

19600 9904957

19700 9276685

19800 9082362

19900 8763350

20000 9307913

20100 8979536

20200 9257181

20300 9341345

20400 8683297

20500 9239317

20600 8853362

20700 8582641

20800 10090322

20900 9555640

21000 8665138

21100 8508562

21200 8085762

21300 8665633

21400 8326932

21500 9053131

21600 8690605

21700 8546828

21800 8085762

21900 8737154

22000 8855366

22100 8918525

22200 9103449

22300 8952863

22400 10002082

22500 8294571

22600 8540420

22700 9024355

22800 9586667

22900 8340609

23000 8466101

23100 8976057

23200 8902540

23300 8713686

23400 8592069

23500 8619858

23600 8730968

23700 8346987

23800 8480842

23900 9618061

24000 8510718

24100 8668106

24200 8264672

24300 8039751

24400 8217216

24500 8431759

24600 8014868

24700 8383820

24800 8722724

24900 8927191

25000 8424219

25100 8931645

25200 8559609

25300 8416439

25400 9132496

25500 8519896

25600 8419429

25700 8468273

25800 8158856

25900 9516430

26000 8383360

26100 8670027

26200 8237371

26300 8339509

26400 9475159

26500 9072475

26600 8800927

26700 9010235

26800 8389476

26900 8603844

27000 9112752

27100 8393711

27200 9071364

27300 8537970

27400 8535505

27500 8071324

27600 8992254

27700 8449668

27800 9270509

27900 8621246

28000 8680543

28100 9452780

28200 8368991

28300 8224320

28400 8953652

28500 9053169

28600 8873238

28700 8800422

28800 8730897

28900 8145387

29000 8425709

29100 7949222

29200 8503644

29300 8874513

29400 9185002

29500 8934667

29600 7949222

29700 8224741

29800 8664794

29900 8720568

30000 8397019

30100 8516441

30200 8845382

30300 7949222

30400 9048157

30500 8224741

30600 8771312

30700 8419187

30800 8064920

30900 8521603

31000 7858502

31100 8348795

31200 7858502

31300 8743822

31400 8877802

31500 8653388

31600 8462467

31700 9168358

31800 8636047

31900 8618346

32000 8648886

32100 8080089

32200 8667334

32300 8118873

32400 8364975

32500 8780738

32600 8697129

32700 8250769

32800 9203057

32900 8769555

33000 8675669

33100 7745045

33200 8995015

33300 9660093

33400 8533986

33500 8772663

33600 8041738

33700 7745045

33800 8005951

33900 7941265

34000 8063042

34100 9772075

34200 8053977

34300 8478183

34400 8992845

34500 7745045

34600 8970391

34700 9144025

34800 8862074

34900 8534156

35000 8292051

35100 8606777

35200 8475177

35300 8668502

35400 8572906

35500 8777515

35600 8415605

35700 8434285

35800 8219755

35900 8785211

36000 8317161

36100 8483669

36200 9146280

36300 8607160

36400 8197727

36500 8647033

36600 8124122

36700 8999436

36800 8040457

36900 8397224

37000 8403823

